2000
WalkWarriors
999
1002
1003
1004
1000
55000
2001
FitnessWarriors
1001
1002
1003
1004
1005
55000
2002
StepChallengers
1006
1007
1008
1009
1010
50000
2003
HealthCrusaders
1011
1012
1013
1014
1015
55000
2004
StepSavers
1016
1017
1018
1019
1020
50000
2005
ActiveSquad
1021 
1022 
1023 
1024 
1025
55000
2006
FitFam
1001
1006 
1011 
1016 
1021
55000
2007
SteppersUnited
1002 
1007 
1012 
1017 
1022
55000
2008
WellnessTribe
1003 
1008 
1013 
1018 
1023
55000

9. 2009
    Step Strivers
    1004 1009 1014 1019 1024
    55000

10. 2010
     Active Alliance
     1005 1010 1015 1020 1025
     55000

11. 2011
     Fit and Fabulous
     1001 1007 1013 1019 1025
     55000

12. 2012
     Step Masters
     1002 1008 1014 1020 1021
     55000

13. 2013
     Health Champions
     1003 1009 1015 1021 1022
     55000

14. 2014
     Fit Force
     1004 1010 1016 1022 1023
     55000

15. 2015
     Active Avengers
     1005 1011 1017 1023 1024
     55000

16. 2016
     Wellness Wizards
     1006 1012 1018 1024 1025
     55000

17. 2017
     Step Stars
     1001 1008 1015 1020 1023
     55000

18. 2018
     Fitness Fanatics
     1002 1009 1016 1021 1024
     55000

19. 2019
     Health Heroes
     1003 1010 1017 1022 1025
     55000

20. 2020
     Active Achievers
     1004 1011 1018 1023 1022
     55000

21. 2021
     Fit Fusion
     1005 1012 1019 1024 1021
     55000

22. 2022
     Step Squad
     1006 1013 1020 1025 1023
     55000

23. 2023
     Wellness Warriors
     1001 1009 1016 1021 1024
     55000

24. 2024
     Health Hustlers
     1002 1010 1017 1022 1025
     55000

25. 2025
     Active Ambassadors
     1003 1011 1018 1023 1021
     55000

26. 2026
     Fit Friends
     1004 1012 1019 1024 1022
     55000

27. 2027
     Step Seekers
     1005 1013 1020 1025 1023
     55000

28. 2028
     Wellness Winners
     1006 1014 1021 1024 1022
     55000

29. 2029
     Health Hawks
     1001 1010 1017 1023 1025
     55000

30. 2030
     Active Allies
     1002 1011 1018 1022 1021
     55000

31. 2031
     Fit Flames
     1003 1012 1019 1025 